616 . INDICES.

Digesta Digesta Digesta
, 1118, 11841188. 1818411181888. 1111188, 14181

81841188. 888.Δ 11114.
11114188. 11441188. 1 88841881.
8, 1981. - Π105. 3, 48 -ΙΠ 443. 1, 25, 7 - [71204.
8111841118. 118411888. 1888841188.
8, 8114888. 488. 1144188. 1, 8881418811
8818411181188. 18411888. 881. 118.
8, 21, 10 — ΠΙ 210. 4, 9 — I 186. 303. 1, 35, 1 - Π 354. 1
8, 81, 11411848. 1118141881. 118.
8, 23, 1- ΠΙ 168. 1, 5,3-Ι 306. Π306. 1, 44 - III 319.
88814188. 18411811. 1, 41411888.
8818411818. 1141181. 1181411881.
8,27,1-Π106. 1,9-ΙΠ207. 1, 53-Π1467.
8, 30-Π1560. · 1,13-Π108. 1, 54-ΙΠ469.
8, 81841818. 1118411888. 1, 88411818.
8811841188. 1818411888. 1, 8141881.
8, 88, 8841188. 18184188. 1, 81411818.
8, 8811141188. 1811411188. 1 8881488.
1811411488. 1, 884118. 1 88, 1-Π1881
8, 40 - Ι197. HI 26. 1, 56 -ΠΙ 583. 46.
888. 1814888881. 18884118.
8, 50 - Ι 287. 322. 1, 58 -Ι 192. 1, 70111- 1114·
9‚1,4-11106. 1811411888. 1, 18841118.
11114188. 11841188. 1184111811

1181841888. 11841188. 8, 8841181881
11111488. 1118411888. 1881141181.
1, 24, 2- ΠΙ 26. 234. 2,17- ΠΙ 322. 2, 8- ΠΙ 376.
1, 8841181. 111188411818. 1188411881
188841881. 111 11141881. 1, 18141181.
39. 223. 1, 7, 3 - ΙΠ 44. 323, 4, 13 -Π 226.
18841188. 811. 1818141881
1 1848811881. 1184488. 488.
1, 80 - Ι 212. 1, 9, 4 -ΠΙ 204. 4, 24,1 - ΙΠ420.
8118141188. 11841111. 1818411188.
818841888888. 1114888. 188411881.
111441188. 1188841888111 1, 8141118.
11884481. 818. 1841118118.
1188141818. 118, 8 - 111 88. 1111141181. 81
8, 1881418111 888. 8111411888.
818. 11814111. 8, 1pr. - 1111
8, 81841181. 1111841881. 888.
8, 888141 118. 1111841888. 1811841888,
3, 36, 5-Π 572, 1, 17, 1-ΙΠ 378. 8, 2 -Ι 78.

8, 8841818. 1188141148. 1114111181
8, 4818141184. 188. 18141881. 148.

 

