1666611116 « 108

61111616 161 6 patroni filio 161 a nepote capitis aecusatus
(1.61, 14, 11111), libertus testator (D. 85, 1, 43 pr.)
Deferuntur Proculi sententiae inprimis 16111 libris ad
1611111111 (141201111101184111 D. 80, 12, 1, VD. 7, 1,19pr.
6166, 6, 1111 1166, 1,14, 11 D. 18, 8, 8. 18, 2, 3.
21, 2, 18, 6, 11 D. 41, 1, 616, 111 D. 24, 1, 31, 1,
1111. 64, 6, 16, 1. 46, 1, 61, 1111 D. 12,4, 16, 11111
6416616, 111111 D. 6, 6, 64. 41, 1, 66, Pauli 111
1. 46, 1, 6, 111 D. 80, 15pr.; 71 D. 6, 6, 166. 11,·6,
161, 111 D. 64, 6, 116. 61. 66,6,1. 66, 6, 6, 4,
11111) 166 fr. 1, 1116661 1. 111 D. 28, 2, 8, 1, 1 D. 66,
6, 6, 6, 1111 D. 7, 6, 6, 146. 1, 6, 10, 2. 7, 8, 16, 1,
1111 D. 7, 6, 6, 1111 D. 88, 6, 6, 6, 11111 D. 28, 2,
18, 3), Pomponii 6101166111] (l. XV D. 48, 1, 112, 1,
XXI D. 3, 5, 10), (161 611 leges XII tabularum (D. 22, 1,
19111), ad legem Iuliam 66 Papiam (66. Gai D. 85,1, 69,
· 16161111 clementis D. 37, 14, 10, Ρ6111 1. ΙΠ D. 4, 6, 35, 9,
111. 61, 46, 6, Ulpiani 11 D. 1, 6, 1, 1, 11 D. 87,14,
17), Pauli 611 1. Falcidiam (1166, 2, 1,14), quam 611
edictum provinciale Gai (D. 2, 1, 11 pr. ἓ 2) 161 praetoris
16611111 D. 6, 14, 61, 6, 11 D. 6, 6, 11, 11 D. 6, 6,
666. 6, 6, 466, 111 D. 8, 1, 27, 1. 6, 111 D. 14, 6,
17, 4, 11111 D. 17, 1, 22, 7. 17, 6, 666. 6 6. 11, 6,
616, 111111 D.18,1,1,1. 18, 8, 66,, 11 D. 38, 1,
16, 1, 1111 D. 66, 6, 11, 6, 111 D. 41, 6, 6, 6. 41, 6,
ς 116. 41, 1, 6, 1111 D. 42, 6, 1) 61 Ulpiani (111 D. 6,
661, 111111. 4, 6, 61, 8. 4, 6, 66, 1, 11 1166116,
· 1111116661,111111).6,6,1,6.6.6611666.
1, 6, 61, 1. 8011 12, 7, 8—10. D. 6, 6, 66, 1-6, 1111
16. fr. 666, 1111 D. 14, 6, 4, 6. 16,1,11. 16, 1, 666,,
11111 D. 18, 2, 18, 6, LVD 1141161146, 1111
1242, 8, 6, 16, 11111 D. 48, 18, 1, 66, 11111 D. 7, 6,
711, LXXXI D. 38, 2, 28), praeterea Celsi libris Digesto-
116(111111).16,1,66,6,11(1)11.66,16,1,1111.16,
6, 66, 111 D. 28, 6, 66, 6, 11111 D. 8, 1, 16, 111
Ι). 31, 20. 34, 2, 3), 116 verborum obligationibus Gai
(1245, 3, 28, 4) 161 Stipulaiionum Venulei (1.Π D. 45,

 

